reg00,TCM,0,0,15,1,-1024,1024,0,1,-
reg01,TCM,0,0,15,1,-1024,1024,0,1,-
reg02,TCM,0,0,15,1,-1024,1024,0,1,-
reg03,TCM,0,0,13,0,0,12000,0,1,-
reg04,TCM,0,0,0,0,0,1,0,1,-
reg04,TCM,0,1,1,0,0,1,0,1,-
reg04,TCM,0,2,2,0,0,1,0,1,-
reg04,TCM,0,3,3,0,0,1,0,1,-
reg05,TCM,0,1,15,1,100,700,0,x/10,x
reg07,TCM,0,0,1,0,0,3,0,1,-
reg07,TCM,0,2,7,0,0,128,0,1,-
reg07,TCM,0,8,15,0,0,512,0,1,-
reg08,TCM,0,0,9,1,-512,512,0,1,-
reg09,TCM,0,0,9,1,-512,512,0,1,-
reg0A,TCM,0,0,15,0,0,65535,0,1,-
reg0B,TCM,0,0,15,0,0,65535,0,1,-
reg0C,TCM,0,0,15,0,0,65535,0,1,-
reg0D,TCM,0,0,15,0,0,65535,0,1,-
reg0E,TCM,0,0,0,0,0,1,0,1,-
reg0E,TCM,0,1,2,0,0,3,0,1,-
reg0E,TCM,0,3,3,0,0,1,0,1,-
reg0E,TCM,0,4,7,0,0,15,0,1,-
reg0E,TCM,0,8,8,0,0,1,0,1,-
reg0E,TCM,0,9,9,0,0,1,0,1,-
reg0E,TCM,0,10,10,0,0,1,0,1,-
reg0F,TCM,0,0,31,0,0,1,1,1,-
reg10,TCM,0,0,4,0,0,31,0,1,-
reg10,TCM,0,5,5,0,0,1,0,1,-
reg10,TCM,0,6,6,0,0,1,0,1,-
reg10,TCM,0,8,12,0,0,31,0,1,-
reg10,TCM,0,13,13,0,0,1,0,1,-
reg10,TCM,0,14,14,0,0,1,0,1,-
reg10,TCM,0,16,20,0,0,31,0,1,-
reg10,TCM,0,21,21,0,0,1,0,1,-
reg10,TCM,0,22,22,0,0,1,0,1,-
reg10,TCM,0,23,23,0,0,1,0,1,-
reg10,TCM,0,24,28,0,0,31,0,1,-
reg10,TCM,0,29,29,0,0,1,0,1,-
reg10,TCM,0,30,30,0,0,1,0,1,-
reg10,TCM,0,31,31,0,0,1,0,1,-
reg11,TCM,0,0,4,0,0,31,0,1,-
reg11,TCM,0,5,5,0,0,1,0,1,-
reg11,TCM,0,6,6,0,0,1,0,1,-
reg11,TCM,0,8,12,0,0,31,0,1,-
reg11,TCM,0,13,13,0,0,1,0,1,-
reg11,TCM,0,14,14,0,0,1,0,1,-
reg11,TCM,0,16,20,0,0,31,0,1,-
reg11,TCM,0,21,21,0,0,1,0,1,-
reg11,TCM,0,22,22,0,0,1,0,1,-
reg11,TCM,0,23,23,0,0,1,0,1,-
reg11,TCM,0,24,28,0,0,31,0,1,-
reg11,TCM,0,29,29,0,0,1,0,1,-
reg11,TCM,0,30,30,0,0,1,0,1,-
reg11,TCM,0,31,31,0,0,1,0,1,-
reg12,TCM,0,0,4,0,0,31,0,1,-
reg12,TCM,0,5,5,0,0,1,0,1,-
reg12,TCM,0,6,6,0,0,1,0,1,-
reg12,TCM,0,8,12,0,0,31,0,1,-
reg12,TCM,0,13,13,0,0,1,0,1,-
reg12,TCM,0,14,14,0,0,1,0,1,-
reg12,TCM,0,16,20,0,0,31,0,1,-
reg12,TCM,0,21,21,0,0,1,0,1,-
reg12,TCM,0,22,22,0,0,1,0,1,-
reg12,TCM,0,23,23,0,0,1,0,1,-
reg12,TCM,0,24,28,0,0,31,0,1,-
reg12,TCM,0,29,29,0,0,1,0,1,-
reg12,TCM,0,30,30,0,0,1,0,1,-
reg12,TCM,0,31,31,0,0,1,0,1,-
reg13,TCM,0,0,4,0,0,31,0,1,-
reg13,TCM,0,5,5,0,0,1,0,1,-
reg13,TCM,0,6,6,0,0,1,0,1,-
reg13,TCM,0,8,12,0,0,31,0,1,-
reg13,TCM,0,13,13,0,0,1,0,1,-
reg13,TCM,0,14,14,0,0,1,0,1,-
reg13,TCM,0,16,20,0,0,31,0,1,-
reg13,TCM,0,21,21,0,0,1,0,1,-
reg13,TCM,0,22,22,0,0,1,0,1,-
reg13,TCM,0,23,23,0,0,1,0,1,-
reg13,TCM,0,24,28,0,0,31,0,1,-
reg13,TCM,0,29,29,0,0,1,0,1,-
reg13,TCM,0,30,30,0,0,1,0,1,-
reg13,TCM,0,31,31,0,0,1,0,1,-
reg14,TCM,0,0,4,0,0,31,0,1,-
reg14,TCM,0,5,5,0,0,1,0,1,-
reg14,TCM,0,6,6,0,0,1,0,1,-
reg14,TCM,0,8,12,0,0,31,0,1,-
reg14,TCM,0,13,13,0,0,1,0,1,-
reg14,TCM,0,14,14,0,0,1,0,1,-
reg14,TCM,0,16,20,0,0,31,0,1,-
reg14,TCM,0,21,21,0,0,1,0,1,-
reg14,TCM,0,22,22,0,0,1,0,1,-
reg14,TCM,0,23,23,0,0,1,0,1,-
reg14,TCM,0,24,28,0,0,31,0,1,-
reg14,TCM,0,29,29,0,0,1,0,1,-
reg14,TCM,0,30,30,0,0,1,0,1,-
reg14,TCM,0,31,31,0,0,1,0,1,-
reg15,TCM,0,0,4,0,0,31,0,1,-
reg15,TCM,0,5,5,0,0,1,0,1,-
reg15,TCM,0,6,6,0,0,1,0,1,-
reg15,TCM,0,8,12,0,0,31,0,1,-
reg15,TCM,0,13,13,0,0,1,0,1,-
reg15,TCM,0,14,14,0,0,1,0,1,-
reg15,TCM,0,16,20,0,0,31,0,1,-
reg15,TCM,0,21,21,0,0,1,0,1,-
reg15,TCM,0,22,22,0,0,1,0,1,-
reg15,TCM,0,23,23,0,0,1,0,1,-
reg15,TCM,0,24,28,0,0,31,0,1,-
reg15,TCM,0,29,29,0,0,1,0,1,-
reg15,TCM,0,30,30,0,0,1,0,1,-
reg15,TCM,0,31,31,0,0,1,0,1,-
reg16,TCM,0,0,4,0,0,31,0,1,-
reg16,TCM,0,5,5,0,0,1,0,1,-
reg16,TCM,0,6,6,0,0,1,0,1,-
reg16,TCM,0,8,12,0,0,31,0,1,-
reg16,TCM,0,13,13,0,0,1,0,1,-
reg16,TCM,0,14,14,0,0,1,0,1,-
reg16,TCM,0,16,20,0,0,31,0,1,-
reg16,TCM,0,21,21,0,0,1,0,1,-
reg16,TCM,0,22,22,0,0,1,0,1,-
reg16,TCM,0,23,23,0,0,1,0,1,-
reg16,TCM,0,24,28,0,0,31,0,1,-
reg16,TCM,0,29,29,0,0,1,0,1,-
reg16,TCM,0,30,30,0,0,1,0,1,-
reg16,TCM,0,31,31,0,0,1,0,1,-
reg17,TCM,0,0,4,0,0,31,0,1,-
reg17,TCM,0,5,5,0,0,1,0,1,-
reg17,TCM,0,6,6,0,0,1,0,1,-
reg17,TCM,0,8,12,0,0,31,0,1,-
reg17,TCM,0,13,13,0,0,1,0,1,-
reg17,TCM,0,14,14,0,0,1,0,1,-
reg17,TCM,0,16,20,0,0,31,0,1,-
reg17,TCM,0,21,21,0,0,1,0,1,-
reg17,TCM,0,22,22,0,0,1,0,1,-
reg17,TCM,0,23,23,0,0,1,0,1,-
reg17,TCM,0,24,28,0,0,31,0,1,-
reg17,TCM,0,29,29,0,0,1,0,1,-
reg17,TCM,0,30,30,0,0,1,0,1,-
reg17,TCM,0,31,31,0,0,1,0,1,-
reg18,TCM,0,0,4,0,0,31,0,1,-
reg18,TCM,0,5,5,0,0,1,0,1,-
reg18,TCM,0,6,6,0,0,1,0,1,-
reg18,TCM,0,8,12,0,0,31,0,1,-
reg18,TCM,0,13,13,0,0,1,0,1,-
reg18,TCM,0,14,14,0,0,1,0,1,-
reg18,TCM,0,16,20,0,0,31,0,1,-
reg18,TCM,0,21,21,0,0,1,0,1,-
reg18,TCM,0,22,22,0,0,1,0,1,-
reg18,TCM,0,23,23,0,0,1,0,1,-
reg18,TCM,0,24,28,0,0,31,0,1,-
reg18,TCM,0,29,29,0,0,1,0,1,-
reg18,TCM,0,30,30,0,0,1,0,1,-
reg18,TCM,0,31,31,0,0,1,0,1,-
reg19,TCM,0,0,4,0,0,31,0,1,-
reg19,TCM,0,5,5,0,0,1,0,1,-
reg19,TCM,0,6,6,0,0,1,0,1,-
reg19,TCM,0,8,12,0,0,31,0,1,-
reg19,TCM,0,13,13,0,0,1,0,1,-
reg19,TCM,0,14,14,0,0,1,0,1,-
reg19,TCM,0,16,20,0,0,31,0,1,-
reg19,TCM,0,21,21,0,0,1,0,1,-
reg19,TCM,0,22,22,0,0,1,0,1,-
reg19,TCM,0,23,23,0,0,1,0,1,-
reg19,TCM,0,24,28,0,0,31,0,1,-
reg19,TCM,0,29,29,0,0,1,0,1,-
reg19,TCM,0,30,30,0,0,1,0,1,-
reg19,TCM,0,31,31,0,0,1,0,1,-
reg1A,TCM,0,0,9,0,0,2047,0,1,-
reg1A,TCM,0,10,16,0,0,255,0,1,-
reg1A,TCM,0,17,31,0,0,1,1,1,-
reg1B,TCM,0,0,23,0,0,33554431,0,1,-
reg1B,TCM,0,24,24,0,0,1,0,1,-
reg1B,TCM,0,30,30,0,0,1,0,1,-
reg1B,TCM,0,31,31,0,0,31,0,1,-
reg1C,TCM,0,0,31,0,0,4294967295,0,1,-
reg1D,TCM,0,0,31,0,0,4294967295,0,1,-
reg1E,TCM,0,0,19,0,0,1048575,0,1,-
reg1F,TCM,0,0,5,0,0,63,0,1,-
reg1F,TCM,0,6,7,0,0,3,0,1,-
reg20,TCM,0,0,15,1,-2048,2047,0,1,-
reg30,TCM,0,0,4,0,0,31,0,1,-
reg30,TCM,0,5,5,0,0,1,0,1,-
reg30,TCM,0,6,6,0,0,1,0,1,-
reg30,TCM,0,8,12,0,0,31,0,1,-
reg30,TCM,0,13,13,0,0,1,0,1,-
reg30,TCM,0,14,14,0,0,1,0,1,-
reg30,TCM,0,16,20,0,0,31,0,1,-
reg30,TCM,0,21,21,0,0,1,0,1,-
reg30,TCM,0,22,22,0,0,1,0,1,-
reg30,TCM,0,23,23,0,0,1,0,1,-
reg30,TCM,0,24,28,0,0,31,0,1,-
reg30,TCM,0,29,29,0,0,1,0,1,-
reg30,TCM,0,30,30,0,0,1,0,1,-
reg30,TCM,0,31,31,0,0,1,0,1,-
reg31,TCM,0,0,4,0,0,31,0,1,-
reg31,TCM,0,5,5,0,0,1,0,1,-
reg31,TCM,0,6,6,0,0,1,0,1,-
reg31,TCM,0,8,12,0,0,31,0,1,-
reg31,TCM,0,13,13,0,0,1,0,1,-
reg31,TCM,0,14,14,0,0,1,0,1,-
reg31,TCM,0,16,20,0,0,31,0,1,-
reg31,TCM,0,21,21,0,0,1,0,1,-
reg31,TCM,0,22,22,0,0,1,0,1,-
reg31,TCM,0,23,23,0,0,1,0,1,-
reg31,TCM,0,24,28,0,0,31,0,1,-
reg31,TCM,0,29,29,0,0,1,0,1,-
reg31,TCM,0,30,30,0,0,1,0,1,-
reg31,TCM,0,31,31,0,0,1,0,1,-
reg32,TCM,0,0,4,0,0,31,0,1,-
reg32,TCM,0,5,5,0,0,1,0,1,-
reg32,TCM,0,6,6,0,0,1,0,1,-
reg32,TCM,0,8,12,0,0,31,0,1,-
reg32,TCM,0,13,13,0,0,1,0,1,-
reg32,TCM,0,14,14,0,0,1,0,1,-
reg32,TCM,0,16,20,0,0,31,0,1,-
reg32,TCM,0,21,21,0,0,1,0,1,-
reg32,TCM,0,22,22,0,0,1,0,1,-
reg32,TCM,0,23,23,0,0,1,0,1,-
reg32,TCM,0,24,28,0,0,31,0,1,-
reg32,TCM,0,29,29,0,0,1,0,1,-
reg32,TCM,0,30,30,0,0,1,0,1,-
reg32,TCM,0,31,31,0,0,1,0,1,-
reg33,TCM,0,0,4,0,0,31,0,1,-
reg33,TCM,0,5,5,0,0,1,0,1,-
reg33,TCM,0,6,6,0,0,1,0,1,-
reg33,TCM,0,8,12,0,0,31,0,1,-
reg33,TCM,0,13,13,0,0,1,0,1,-
reg33,TCM,0,14,14,0,0,1,0,1,-
reg33,TCM,0,16,20,0,0,31,0,1,-
reg33,TCM,0,21,21,0,0,1,0,1,-
reg33,TCM,0,22,22,0,0,1,0,1,-
reg33,TCM,0,23,23,0,0,1,0,1,-
reg33,TCM,0,24,28,0,0,31,0,1,-
reg33,TCM,0,29,29,0,0,1,0,1,-
reg33,TCM,0,30,30,0,0,1,0,1,-
reg33,TCM,0,31,31,0,0,1,0,1,-
reg34,TCM,0,0,4,0,0,31,0,1,-
reg34,TCM,0,5,5,0,0,1,0,1,-
reg34,TCM,0,6,6,0,0,1,0,1,-
reg34,TCM,0,8,12,0,0,31,0,1,-
reg34,TCM,0,13,13,0,0,1,0,1,-
reg34,TCM,0,14,14,0,0,1,0,1,-
reg34,TCM,0,16,20,0,0,31,0,1,-
reg34,TCM,0,21,21,0,0,1,0,1,-
reg34,TCM,0,22,22,0,0,1,0,1,-
reg34,TCM,0,23,23,0,0,1,0,1,-
reg34,TCM,0,24,28,0,0,31,0,1,-
reg34,TCM,0,29,29,0,0,1,0,1,-
reg34,TCM,0,30,30,0,0,1,0,1,-
reg34,TCM,0,31,31,0,0,1,0,1,-
reg35,TCM,0,0,4,0,0,31,0,1,-
reg35,TCM,0,5,5,0,0,1,0,1,-
reg35,TCM,0,6,6,0,0,1,0,1,-
reg35,TCM,0,8,12,0,0,31,0,1,-
reg35,TCM,0,13,13,0,0,1,0,1,-
reg35,TCM,0,14,14,0,0,1,0,1,-
reg35,TCM,0,16,20,0,0,31,0,1,-
reg35,TCM,0,21,21,0,0,1,0,1,-
reg35,TCM,0,22,22,0,0,1,0,1,-
reg35,TCM,0,23,23,0,0,1,0,1,-
reg35,TCM,0,24,28,0,0,31,0,1,-
reg35,TCM,0,29,29,0,0,1,0,1,-
reg35,TCM,0,30,30,0,0,1,0,1,-
reg35,TCM,0,31,31,0,0,1,0,1,-
reg36,TCM,0,0,4,0,0,31,0,1,-
reg36,TCM,0,5,5,0,0,1,0,1,-
reg36,TCM,0,6,6,0,0,1,0,1,-
reg36,TCM,0,8,12,0,0,31,0,1,-
reg36,TCM,0,13,13,0,0,1,0,1,-
reg36,TCM,0,14,14,0,0,1,0,1,-
reg36,TCM,0,16,20,0,0,31,0,1,-
reg36,TCM,0,21,21,0,0,1,0,1,-
reg36,TCM,0,22,22,0,0,1,0,1,-
reg36,TCM,0,23,23,0,0,1,0,1,-
reg36,TCM,0,24,28,0,0,31,0,1,-
reg36,TCM,0,29,29,0,0,1,0,1,-
reg36,TCM,0,30,30,0,0,1,0,1,-
reg36,TCM,0,31,31,0,0,1,0,1,-
reg37,TCM,0,0,4,0,0,31,0,1,-
reg37,TCM,0,5,5,0,0,1,0,1,-
reg37,TCM,0,6,6,0,0,1,0,1,-
reg37,TCM,0,8,12,0,0,31,0,1,-
reg37,TCM,0,13,13,0,0,1,0,1,-
reg37,TCM,0,14,14,0,0,1,0,1,-
reg37,TCM,0,16,20,0,0,31,0,1,-
reg37,TCM,0,21,21,0,0,1,0,1,-
reg37,TCM,0,22,22,0,0,1,0,1,-
reg37,TCM,0,23,23,0,0,1,0,1,-
reg37,TCM,0,24,28,0,0,31,0,1,-
reg37,TCM,0,29,29,0,0,1,0,1,-
reg37,TCM,0,30,30,0,0,1,0,1,-
reg37,TCM,0,31,31,0,0,1,0,1,-
reg38,TCM,0,0,4,0,0,31,0,1,-
reg38,TCM,0,5,5,0,0,1,0,1,-
reg38,TCM,0,6,6,0,0,1,0,1,-
reg38,TCM,0,8,12,0,0,31,0,1,-
reg38,TCM,0,13,13,0,0,1,0,1,-
reg38,TCM,0,14,14,0,0,1,0,1,-
reg38,TCM,0,16,20,0,0,31,0,1,-
reg38,TCM,0,21,21,0,0,1,0,1,-
reg38,TCM,0,22,22,0,0,1,0,1,-
reg38,TCM,0,23,23,0,0,1,0,1,-
reg38,TCM,0,24,28,0,0,31,0,1,-
reg38,TCM,0,29,29,0,0,1,0,1,-
reg38,TCM,0,30,30,0,0,1,0,1,-
reg38,TCM,0,31,31,0,0,1,0,1,-
reg39,TCM,0,0,4,0,0,31,0,1,-
reg39,TCM,0,5,5,0,0,1,0,1,-
reg39,TCM,0,6,6,0,0,1,0,1,-
reg39,TCM,0,8,12,0,0,31,0,1,-
reg39,TCM,0,13,13,0,0,1,0,1,-
reg39,TCM,0,14,14,0,0,1,0,1,-
reg39,TCM,0,16,20,0,0,31,0,1,-
reg39,TCM,0,21,21,0,0,1,0,1,-
reg39,TCM,0,22,22,0,0,1,0,1,-
reg39,TCM,0,23,23,0,0,1,0,1,-
reg39,TCM,0,24,28,0,0,31,0,1,-
reg39,TCM,0,29,29,0,0,1,0,1,-
reg39,TCM,0,30,30,0,0,1,0,1,-
reg39,TCM,0,31,31,0,0,1,0,1,-
reg3A,TCM,0,0,9,0,0,2047,0,1,-
reg3A,TCM,0,10,16,0,0,255,0,1,-
reg3A,TCM,0,17,31,0,0,1,1,1,-
reg50,TCM,0,0,3,0,0,7,0,1,-
reg60,TCM,0,0,14,0,0,32767,0,x/128,x
reg61,TCM,0,0,31,0,0,4294967295,0,1,-
reg62,TCM,0,0,14,0,0,32767,0,x/128,x
reg63,TCM,0,0,31,0,0,4294967295,0,1,-
reg64,TCM,0,0,14,0,0,32767,0,x/128,x
reg65,TCM,0,0,31,0,0,4294967295,0,1,-
reg66,TCM,0,0,14,0,0,32767,0,x/128,x
reg67,TCM,0,0,31,0,0,4294967295,0,1,-
reg68,TCM,0,0,14,0,0,32767,0,x/128,x
reg69,TCM,0,0,31,0,0,4294967295,0,1,-
reg6A,TCM,0,0,1,0,0,3,0,1,-
reg6A,TCM,0,2,2,0,0,1,0,1,-
reg6A,TCM,0,3,4,0,0,3,0,1,-
reg6A,TCM,0,5,5,0,0,1,0,1,-
reg6A,TCM,0,6,7,0,0,3,0,1,-
reg6A,TCM,0,8,8,0,0,1,0,1,-
reg6A,TCM,0,9,10,0,0,3,0,1,-
reg6A,TCM,0,11,11,0,0,1,0,1,-
reg6A,TCM,0,12,13,0,0,3,0,1,-
reg6A,TCM,0,14,14,0,0,1,0,1,-
reg70,TCM,0,0,31,0,0,4294967295,0,1,-
reg71,TCM,0,0,31,0,0,4294967295,0,1,-
reg72,TCM,0,0,31,0,0,4294967295,0,1,-
reg73,TCM,0,0,31,0,0,4294967295,0,1,-
reg74,TCM,0,0,31,0,0,4294967295,0,1,-
reg75,TCM,0,0,31,0,0,4294967295,0,1,-
reg76,TCM,0,0,31,0,0,4294967295,0,1,-
reg77,TCM,0,0,31,0,0,4294967295,0,1,-
reg78,TCM,0,0,31,0,0,4294967295,0,1,-
reg79,TCM,0,0,31,0,0,4294967295,0,1,-
reg7A,TCM,0,0,31,0,0,4294967295,0,1,-
reg7B,TCM,0,0,31,0,0,4294967295,0,1,-
reg7C,TCM,0,0,31,0,0,4294967295,0,1,-
reg7D,TCM,0,0,31,0,0,4294967295,0,1,-
reg7E,TCM,0,0,31,0,0,4294967295,0,1,-
regD8,TCM,0,0,3,0,0,2,0,1,-
regD8,TCM,0,4,7,0,0,2,0,1,-
regD8,TCM,0,8,15,0,0,1,1,1,-
regD8,TCM,0,16,19,0,0,2,0,1,-
regD8,TCM,0,20,25,0,0,1,1,1,-
regD9,TCM,0,0,31,0,0,4294967295,0,1,-
regDA,TCM,0,0,3,0,0,15,0,1,-
regDA,TCM,0,4,7,0,0,15,0,1,-
regDA,TCM,0,8,11,0,0,15,0,1,-
regDA,TCM,0,12,15,0,0,15,0,1,-
regDA,TCM,0,16,19,0,0,15,0,1,-
regDA,TCM,0,20,23,0,0,15,0,1,-
regDA,TCM,0,24,27,0,0,15,0,1,-
regDA,TCM,0,28,31,0,0,15,0,1,-
regDB,TCM,0,0,31,0,0,4294967295,0,1,-
regDC,TCM,0,0,31,0,0,4294967295,0,1,-
regDD,TCM,0,0,31,0,0,4294967295,0,1,-
regDE,TCM,0,0,31,0,0,4294967295,0,1,-
regDF,TCM,0,0,15,0,0,65535,0,1,-
regDF,TCM,0,16,31,0,0,65535,0,1,-
regE0,TCM,0,0,11,0,0,3563,0,1,-
regE0,TCM,0,16,27,0,0,3563,0,1,-
regE1,TCM,0,0,0,15,0,0,65535,0,1,-
regE1,TCM,0,16,23,0,0,255,0,1,-
regE1,TCM,0,24,31,0,0,255,0,1,-
regE3,TCM,0,0,11,0,0,3563,0,1,-
regE4,TCM,0,0,31,0,0,4294967295,0,1,-
regE8,TCM,0,0,9,0,0,1,1,1,-
regE8,TCM,0,16,19,0,0,2,0,1,-
regE8,TCM,0,20,23,0,0,2,0,1,-
regE8,TCM,0,24,27,0,0,15,0,1,-
regE8,TCM,0,28,31,0,0,2,0,1,-
regE9,TCM,0,0,31,0,0,4294967295,0,1,-
regEA,TCM,0,0,11,0,0,3563,0,1,-
regEB,TCM,0,0,15,0,0,65535,0,1,-
regEB,TCM,0,16,31,0,0,65535,0,1,-
regEC,TCM,0,0,31,0,0,4294967295,0,1,-
regED,TCM,0,0,31,0,0,4294967295,0,1,-
regEE,TCM,0,0,31,0,0,4294967295,0,1,-
regEF,TCM,0,0,15,0,0,65535,0,1,-
regF0,TCM,0,0,31,0,0,4294967295,0,1,-
regF1,TCM,0,0,31,0,0,4294967295,0,1,-
regF7,TCM,0,0,31,0,0,4294967295,0,1,-
regFC,TCM,0,0,31,0,0,65535,0,x*503.975/ 65536-273.15,x
regFD,TCM,0,0,31,0,0,65535,0,x*3 / 65536.0,x
regFE,TCM,0,0,31,0,0,65535,0,x*3/65536.0,x
regFF,TCM,0,0,31,0,0,4294967295,0,1,-
reg00,PMA0,0,0,7,0,0,255,0,1,-
reg00,PMA0,0,8,8,0,0,1,0,1,-
reg01,PMA0,0,0,11,1,-2048,2047,0,1,-
reg01,PMA0,0,12,12,0,0,1,0,1,-
reg02,PMA0,0,0,11,1,-2048,2047,0,1,-
reg02,PMA0,0,12,12,0,0,1,0,1,-
reg03,PMA0,0,0,11,1,-2048,2047,0,1,-
reg03,PMA0,0,12,12,0,0,1,0,1,-
reg04,PMA0,0,0,11,1,-2048,2047,0,1,-
reg04,PMA0,0,12,12,0,0,1,0,1,-
reg05,PMA0,0,0,11,1,-2048,2047,0,1,-
reg05,PMA0,0,12,12,0,0,1,0,1,-
reg06,PMA0,0,0,11,1,-2048,2047,0,1,-
reg06,PMA0,0,12,12,0,0,1,0,1,-
reg07,PMA0,0,0,11,1,-2048,2047,0,1,-
reg07,PMA0,0,12,12,0,0,1,0,1,-
reg08,PMA0,0,0,11,1,-2048,2047,0,1,-
reg08,PMA0,0,12,12,0,0,1,0,1,-
reg09,PMA0,0,0,11,1,-2048,2047,0,1,-
reg09,PMA0,0,12,12,0,0,1,0,1,-
reg0A,PMA0,0,0,11,1,-2048,2047,0,1,-
reg0A,PMA0,0,12,12,0,0,1,0,1,-
reg0B,PMA0,0,0,11,1,-2048,2047,0,1,-
reg0B,PMA0,0,12,12,0,0,1,0,1,-
reg0C,PMA0,0,0,11,1,-2048,2047,0,1,-
reg0C,PMA0,0,12,12,0,0,1,0,1,-
reg0D,PMA0,1,0,11,0,0,4095,0,1,-
reg0E,PMA0,1,0,11,0,0,4095,0,1,-
reg0F,PMA0,1,0,11,0,0,4095,0,1,-
reg10,PMA0,1,0,11,0,0,4095,0,1,-
reg11,PMA0,1,0,11,0,0,4095,0,1,-
reg12,PMA0,1,0,11,0,0,4095,0,1,-
reg13,PMA0,1,0,11,0,0,4095,0,1,-
reg14,PMA0,1,0,11,0,0,4095,0,1,-
reg15,PMA0,1,0,11,0,0,4095,0,1,-
reg16,PMA0,1,0,11,0,0,4095,0,1,-
reg17,PMA0,1,0,11,0,0,4095,0,1,-
reg18,PMA0,1,0,11,0,0,4095,0,1,-
reg19,PMA0,1,0,11,0,0,4095,0,1,-
reg1A,PMA0,1,0,11,0,0,4095,0,1,-
reg1B,PMA0,1,0,11,0,0,4095,0,1,-
reg1C,PMA0,1,0,11,0,0,4095,0,1,-
reg1D,PMA0,1,0,11,0,0,4095,0,1,-
reg1E,PMA0,1,0,11,0,0,4095,0,1,-
reg1F,PMA0,1,0,11,0,0,4095,0,1,-
reg20,PMA0,1,0,11,0,0,4095,0,1,-
reg21,PMA0,1,0,11,0,0,4095,0,1,-
reg22,PMA0,1,0,11,0,0,4095,0,1,-
reg23,PMA0,1,0,11,0,0,4095,0,1,-
reg24,PMA0,1,0,11,0,0,4095,0,1,-
reg25,PMA0,0,0,11,0,0,4095,0,1,-
reg26,PMA0,0,0,11,0,0,4095,0,1,-
reg27,PMA0,0,0,11,0,0,4095,0,1,-
reg28,PMA0,0,0,11,0,0,4095,0,1,-
reg29,PMA0,0,0,11,0,0,4095,0,1,-
reg2A,PMA0,0,0,11,0,0,4095,0,1,-
reg2B,PMA0,0,0,11,0,0,4095,0,1,-
reg2C,PMA0,0,0,11,0,0,4095,0,1,-
reg2D,PMA0,0,0,11,0,0,4095,0,1,-
reg2E,PMA0,0,0,11,0,0,4095,0,1,-
reg2F,PMA0,0,0,11,0,0,4095,0,1,-
reg30,PMA0,0,0,11,0,0,4095,0,1,-
reg31,PMA0,0,0,11,0,0,4095,0,1,-
reg32,PMA0,0,0,11,0,0,4095,0,1,-
reg33,PMA0,0,0,11,0,0,4095,0,1,-
reg34,PMA0,0,0,11,0,0,4095,0,1,-
reg35,PMA0,0,0,11,0,0,4095,0,1,-
reg36,PMA0,0,0,11,0,0,4095,0,1,-
reg37,PMA0,0,0,11,0,0,4095,0,1,-
reg38,PMA0,0,0,11,0,0,4095,0,1,-
reg39,PMA0,0,0,11,0,0,4095,0,1,-
reg3A,PMA0,0,0,11,0,0,4095,0,1,-
reg3B,PMA0,0,0,11,0,0,4095,0,1,-
reg3C,PMA0,0,0,11,0,0,4095,0,1,-
reg3D,PMA0,0,0,11,0,0,4095,0,1,-
reg3D,PMA0,0,12,15,0,0,15,0,1,-
reg3E,PMA0,1,0,7,1,-28,28,0,1,-
reg3E,PMA0,1,8,15,1,-28,28,0,1,-
reg3F,PMA0,1,0,7,1,-28,28,0,1,-
reg40,PMA0,1,0,6,0,0,127,0,1,-
reg40,PMA0,1,8,13,0,0,127,0,1,-
reg41,PMA0,1,0,6,0,0,127,0,1,-
reg41,PMA0,1,8,13,0,0,127,0,1,-
reg42,PMA0,1,0,6,0,0,127,0,1,-
reg42,PMA0,1,8,13,0,0,127,0,1,-
reg43,PMA0,1,0,6,0,0,127,0,1,-
reg43,PMA0,1,8,13,0,0,127,0,1,-
reg44,PMA0,1,0,6,0,0,127,0,1,-
reg44,PMA0,1,8,13,0,0,127,0,1,-
reg45,PMA0,1,0,6,0,0,127,0,1,-
reg45,PMA0,1,8,13,0,0,127,0,1,-
reg46,PMA0,1,0,6,0,0,127,0,1,-
reg46,PMA0,1,8,13,0,0,127,0,1,-
reg47,PMA0,1,0,6,0,0,127,0,1,-
reg47,PMA0,1,8,13,0,0,127,0,1,-
reg48,PMA0,1,0,6,0,0,127,0,1,-
reg48,PMA0,1,8,13,0,0,127,0,1,-
reg49,PMA0,1,0,6,0,0,127,0,1,-
reg49,PMA0,1,8,13,0,0,127,0,1,-
reg4A,PMA0,1,0,6,0,0,127,0,1,-
reg4A,PMA0,1,8,13,0,0,127,0,1,-
reg4B,PMA0,1,0,6,0,0,127,0,1,-
reg4B,PMA0,1,8,13,0,0,127,0,1,-
reg4C,PMA0,1,0,15,0,0,65535,0,1,-
reg4D,PMA0,1,0,15,0,0,65535,0,1,-
reg4E,PMA0,1,0,15,0,0,65535,0,1,-
reg4F,PMA0,1,0,15,0,0,65535,0,1,-
reg50,PMA0,1,0,15,0,0,65535,0,1,-
reg51,PMA0,1,0,15,0,0,65535,0,1,-
reg52,PMA0,1,0,15,0,0,65535,0,1,-
reg53,PMA0,1,0,15,0,0,65535,0,1,-
reg54,PMA0,1,0,15,0,0,65535,0,1,-
reg55,PMA0,1,0,15,0,0,65535,0,1,-
reg56,PMA0,1,0,15,0,0,65535,0,1,-
reg57,PMA0,1,0,15,0,0,65535,0,1,-
reg58,PMA0,1,0,15,0,0,65535,0,1,-
reg59,PMA0,1,0,15,0,0,65535,0,1,-
reg5A,PMA0,1,0,15,0,0,65535,0,1,-
reg5B,PMA0,1,0,15,0,0,65535,0,1,-
reg5C,PMA0,1,0,15,0,0,65535,0,1,-
reg5D,PMA0,1,0,15,0,0,65535,0,1,-
reg5E,PMA0,1,0,15,0,0,65535,0,1,-
reg5F,PMA0,1,0,15,0,0,65535,0,1,-
reg60,PMA0,1,0,15,0,0,65535,0,1,-
reg61,PMA0,1,0,15,0,0,65535,0,1,-
reg62,PMA0,1,0,15,0,0,65535,0,1,-
reg63,PMA0,1,0,15,0,0,65535,0,1,-
reg64,PMA0,0,0,15,1,-32768,32767,0,1,-
reg65,PMA0,0,0,15,1,-32768,32767,0,1,-
reg66,PMA0,0,0,15,1,-32768,32767,0,1,-
reg67,PMA0,0,0,15,1,-32768,32767,0,1,-
reg68,PMA0,0,0,15,1,-32768,32767,0,1,-
reg69,PMA0,0,0,15,1,-32768,32767,0,1,-
reg6A,PMA0,0,0,15,1,-32768,32767,0,1,-
reg6B,PMA0,0,0,15,1,-32768,32767,0,1,-
reg6C,PMA0,0,0,15,1,-32768,32767,0,1,-
reg6D,PMA0,0,0,15,1,-32768,32767,0,1,-
reg6E,PMA0,0,0,15,1,-32768,32767,0,1,-
reg6F,PMA0,0,0,15,1,-32768,32767,0,1,-
reg70,PMA0,0,0,15,1,-32768,32767,0,1,-
reg71,PMA0,0,0,15,1,-32768,32767,0,1,-
reg72,PMA0,0,0,15,1,-32768,32767,0,1,-
reg73,PMA0,0,0,15,1,-32768,32767,0,1,-
reg74,PMA0,0,0,15,1,-32768,32767,0,1,-
reg75,PMA0,0,0,15,1,-32768,32767,0,1,-
reg76,PMA0,0,0,15,1,-32768,32767,0,1,-
reg77,PMA0,0,0,15,1,-32768,32767,0,1,-
reg78,PMA0,0,0,15,1,-32768,32767,0,1,-
reg79,PMA0,0,0,15,1,-32768,32767,0,1,-
reg7A,PMA0,0,0,15,1,-32768,32767,0,1,-
reg7B,PMA0,0,0,15,1,-32768,32767,0,1,-
reg7C,PMA0,0,0,11,0,0,4095,0,1,-
reg7D,PMA0,0,0,11,0,0,4095,0,1,-
reg7E,PMA0,0,0,11,0,0,3563,0,1,-
reg7F,PMA0,1,0,9,0,0,1,1,1,-
reg7F,PMA0,0,10,10,0,0,1,0,1,-
reg7F,PMA0,0,11,14,0,0,1,1,1,-
reg80,PMA0,0,0,15,0,300,30000,0,1,-
reg81,PMA0,0,0,15,1,-500,500,0,1,-
reg82,PMA0,0,0,15,1,-500,500,0,1,-
reg83,PMA0,0,0,15,0,0,20000,0,1,-
reg84,PMA0,0,0,15,0,300,30000,0,1,-
reg85,PMA0,0,0,15,1,-500,500,0,1,-
reg86,PMA0,0,0,15,1,-500,500,0,1,-
reg87,PMA0,0,0,15,0,0,20000,0,1,-
reg88,PMA0,0,0,15,0,300,30000,0,1,-
reg89,PMA0,0,0,15,1,-500,500,0,1,-
reg8A,PMA0,0,0,15,1,-500,500,0,1,-
reg8B,PMA0,0,0,15,0,0,20000,0,1,-
reg8C,PMA0,0,0,15,0,300,30000,0,1,-
reg8D,PMA0,0,0,15,1,-500,500,0,1,-
reg8E,PMA0,0,0,15,1,-500,500,0,1,-
reg8F,PMA0,0,0,15,0,0,20000,0,1,-
reg90,PMA0,0,0,15,0,300,30000,0,1,-
reg91,PMA0,0,0,15,1,-500,500,0,1,-
reg92,PMA0,0,0,15,1,-500,500,0,1,-
reg93,PMA0,0,0,15,0,0,20000,0,1,-
reg94,PMA0,0,0,15,0,300,30000,0,1,-
reg95,PMA0,0,0,15,1,-500,500,0,1,-
reg96,PMA0,0,0,15,1,-500,500,0,1,-
reg97,PMA0,0,0,15,0,0,20000,0,1,-
reg98,PMA0,0,0,15,0,300,30000,0,1,-
reg99,PMA0,0,0,15,1,-500,500,0,1,-
reg9A,PMA0,0,0,15,1,-500,500,0,1,-
reg9B,PMA0,0,0,15,0,0,20000,0,1,-
reg9C,PMA0,0,0,15,0,300,30000,0,1,-
reg9D,PMA0,0,0,15,1,-500,500,0,1,-
reg9E,PMA0,0,0,15,1,-500,500,0,1,-
reg9F,PMA0,0,0,15,0,0,20000,0,1,-
regA0,PMA0,0,0,15,0,300,30000,0,1,-
regA1,PMA0,0,0,15,1,-500,500,0,1,-
regA2,PMA0,0,0,15,1,-500,500,0,1,-
regA3,PMA0,0,0,15,0,0,20000,0,1,-
regA4,PMA0,0,0,15,0,300,30000,0,1,-
regA5,PMA0,0,0,15,1,-500,500,0,1,-
regA6,PMA0,0,0,15,1,-500,500,0,1,-
regA7,PMA0,0,0,15,0,0,20000,0,1,-
regA8,PMA0,0,0,15,0,300,30000,0,1,-
regA9,PMA0,0,0,15,1,-500,500,0,1,-
regAA,PMA0,0,0,15,1,-500,500,0,1,-
regAB,PMA0,0,0,15,0,0,20000,0,1,-
regAC,PMA0,0,0,15,0,300,30000,0,1,-
regAD,PMA0,0,0,15,1,-500,500,0,1,-
regAE,PMA0,0,0,15,1,-500,500,0,1,-
regAF,PMA0,0,0,15,0,0,20000,0,1,-
regB0,PMA0,0,0,15,0,0,4000,0,1,-
regB1,PMA0,0,0,15,0,0,4000,0,1,-
regB2,PMA0,0,0,15,0,0,4000,0,1,-
regB3,PMA0,0,0,15,0,0,4000,0,1,-
regB4,PMA0,0,0,15,0,0,4000,0,1,-
regB5,PMA0,0,0,15,0,0,4000,0,1,-
regB6,PMA0,0,0,15,0,0,4000,0,1,-
regB7,PMA0,0,0,15,0,0,4000,0,1,-
regB8,PMA0,0,0,15,0,0,4000,0,1,-
regB9,PMA0,0,0,15,0,0,4000,0,1,-
regBA,PMA0,0,0,15,0,0,4000,0,1,-
regBB,PMA0,0,0,15,0,0,4000,0,1,-
regBC,PMA0,1,0,15,1,100,700,0,1,-
regBD,PMA0,1,0,15,0,0,65535,0,1,-
regBE,PMA0,0,0,1,0,0,3,0,1,-
regC0,PMA0,1,0,31,0,0,4294967295,0,1,-
regC1,PMA0,1,0,31,0,0,4294967295,0,1,-
regC2,PMA0,1,0,31,0,0,4294967295,0,1,-
regC3,PMA0,1,0,31,0,0,4294967295,0,1,-
regC4,PMA0,1,0,31,0,0,4294967295,0,1,-
regC5,PMA0,1,0,31,0,0,4294967295,0,1,-
regC6,PMA0,1,0,31,0,0,4294967295,0,1,-
regC7,PMA0,1,0,31,0,0,4294967295,0,1,-
regC8,PMA0,1,0,31,0,0,4294967295,0,1,-
regC9,PMA0,1,0,31,0,0,4294967295,0,1,-
regCA,PMA0,1,0,31,0,0,4294967295,0,1,-
regCB,PMA0,1,0,31,0,0,4294967295,0,1,-
regCC,PMA0,1,0,31,0,0,4294967295,0,1,-
regCD,PMA0,1,0,31,0,0,4294967295,0,1,-
regCE,PMA0,1,0,31,0,0,4294967295,0,1,-
regCF,PMA0,1,0,31,0,0,4294967295,0,1,-
regD0,PMA0,1,0,31,0,0,4294967295,0,1,-
regD1,PMA0,1,0,31,0,0,4294967295,0,1,-
regD2,PMA0,1,0,31,0,0,4294967295,0,1,-
regD3,PMA0,1,0,31,0,0,4294967295,0,1,-
regD4,PMA0,1,0,31,0,0,4294967295,0,1,-
regD5,PMA0,1,0,31,0,0,4294967295,0,1,-
regD6,PMA0,1,0,31,0,0,4294967295,0,1,-
regD7,PMA0,1,0,31,0,0,4294967295,0,1,-
regD8,PMA0,0,0,3,0,0,2,0,1,-
regD8,PMA0,0,4,7,0,0,2,0,1,-
regD8,PMA0,0,8,13,0,0,1,1,1,-
regD8,PMA0,0,16,19,0,0,2,0,1,-
regD8,PMA0,0,20,22,0,0,1,1,1,-
regD9,PMA0,0,0,31,0,0,4294967295,0,1,-
regDA,PMA0,0,0,3,0,0,15,0,1,-
regDA,PMA0,0,4,7,0,0,15,0,1,-
regDA,PMA0,0,8,11,0,0,15,0,1,-
regDA,PMA0,0,12,15,0,0,15,0,1,-
regDA,PMA0,0,16,19,0,0,15,0,1,-
regDA,PMA0,0,20,23,0,0,15,0,1,-
regDA,PMA0,0,24,27,0,0,15,0,1,-
regDA,PMA0,0,28,31,0,0,15,0,1,-
regDB,PMA0,0,0,31,0,0,4294967295,0,1,-
regDC,PMA0,0,0,31,0,0,4294967295,0,1,-
regDD,PMA0,0,0,31,0,0,4294967295,0,1,-
regDE,PMA0,0,0,31,0,0,4294967295,0,1,-
regDF,PMA0,0,0,15,0,0,65535,0,1,-
regDF,PMA0,0,16,31,0,0,65535,0,1,-
regE0,PMA0,0,0,11,0,0,3563,0,1,-
regE0,PMA0,0,16,27,0,0,3563,0,1,-
regE1,PMA0,0,0,15,0,0,65535,0,1,-
regE1,PMA0,0,16,31,0,0,65535,0,1,-
regE2,PMA0,0,0,15,0,0,65535,0,1,-
regE2,PMA0,0,16,31,0,0,65535,0,1,-
regE3,PMA0,0,0,11,0,0,3563,0,1,-
regE3,PMA0,0,16,27,0,0,3563,0,1,-
regE4,PMA0,0,0,31,0,0,4294967295,0,1,-
regE8,PMA0,1,0,9,0,0,1,1
regE8,PMA0,1,16,19,0,0,2,0,1,-
regE8,PMA0,1,20,23,0,0,2,0,1,-
regE8,PMA0,1,24,27,0,0,15,0,1,-
regE8,PMA0,1,28,31,0,0,2,0,1,-
regE9,PMA0,0,0,31,0,0,4294967295,0,1,-
regEA,PMA0,0,0,12,0,0,3563,0,1,-
regEB,PMA0,0,0,15,0,0,65535,0,1,-
regEB,PMA0,0,16,31,0,0,65535,0,1,-
regEC,PMA0,0,0,31,0,0,4294967295,0,1,-
regED,PMA0,0,0,31,0,0,4294967295,0,1,-
regEE,PMA0,0,0,31,0,0,4294967295,0,1,-
regEF,PMA0,0,0,15,0,0,65535,0,1,-
regF5,PMA0,0,0,16,0,0,96512,0,1,-
regF6,PMA0,0,0,31,0,0,4294967295,0,1,-
regF7,PMA0,1,0,31,0,0,4294967295,0,1,-
regF8,PMA0,0,0,31,0,0,4294967295,0,1,-
regF9,PMA0,0,0,31,0,0,4294967295,0,1,-
regFA,PMA0,0,0,31,0,0,4294967295,0,1,-
regFB,PMA0,0,0,31,0,0,4294967295,0,1,-
regFC,PMA0,1,0,15,0,0,65535,0,1,-
regFD,PMA0,1,0,15,0,0,65535,0,1,-
regFE,PMA0,1,0,15,0,0,65535,0,1,-
regFF,PMA0,1,0,31,0,0,4294967295,0,1,-
reg00,PMC0,0,0,7,0,0,255,0,1,-
reg00,PMC0,0,8,8,0,0,1,0,1,-
reg01,PMC0,0,0,11,1,-2048,2047,0,1,-
reg01,PMC0,0,12,12,0,0,1,0,1,-
reg02,PMC0,0,0,11,1,-2048,2047,0,1,-
reg02,PMC0,0,12,12,0,0,1,0,1,-
reg03,PMC0,0,0,11,1,-2048,2047,0,1,-
reg03,PMC0,0,12,12,0,0,1,0,1,-
reg04,PMC0,0,0,11,1,-2048,2047,0,1,-
reg04,PMC0,0,12,12,0,0,1,0,1,-
reg05,PMC0,0,0,11,1,-2048,2047,0,1,-
reg05,PMC0,0,12,12,0,0,1,0,1,-
reg06,PMC0,0,0,11,1,-2048,2047,0,1,-
reg06,PMC0,0,12,12,0,0,1,0,1,-
reg07,PMC0,0,0,11,1,-2048,2047,0,1,-
reg07,PMC0,0,12,12,0,0,1,0,1,-
reg08,PMC0,0,0,11,1,-2048,2047,0,1,-
reg08,PMC0,0,12,12,0,0,1,0,1,-
reg09,PMC0,0,0,11,1,-2048,2047,0,1,-
reg09,PMC0,0,12,12,0,0,1,0,1,-
reg0A,PMC0,0,0,11,1,-2048,2047,0,1,-
reg0A,PMC0,0,12,12,0,0,1,0,1,-
reg0B,PMC0,0,0,11,1,-2048,2047,0,1,-
reg0B,PMC0,0,12,12,0,0,1,0,1,-
reg0C,PMC0,0,0,11,1,-2048,2047,0,1,-
reg0C,PMC0,0,12,12,0,0,1,0,1,-
reg0D,PMC0,1,0,11,0,0,4095,0,1,-
reg0E,PMC0,1,0,11,0,0,4095,0,1,-
reg0F,PMC0,1,0,11,0,0,4095,0,1,-
reg10,PMC0,1,0,11,0,0,4095,0,1,-
reg11,PMC0,1,0,11,0,0,4095,0,1,-
reg12,PMC0,1,0,11,0,0,4095,0,1,-
reg13,PMC0,1,0,11,0,0,4095,0,1,-
reg14,PMC0,1,0,11,0,0,4095,0,1,-
reg15,PMC0,1,0,11,0,0,4095,0,1,-
reg16,PMC0,1,0,11,0,0,4095,0,1,-
reg17,PMC0,1,0,11,0,0,4095,0,1,-
reg18,PMC0,1,0,11,0,0,4095,0,1,-
reg19,PMC0,1,0,11,0,0,4095,0,1,-
reg1A,PMC0,1,0,11,0,0,4095,0,1,-
reg1B,PMC0,1,0,11,0,0,4095,0,1,-
reg1C,PMC0,1,0,11,0,0,4095,0,1,-
reg1D,PMC0,1,0,11,0,0,4095,0,1,-
reg1E,PMC0,1,0,11,0,0,4095,0,1,-
reg1F,PMC0,1,0,11,0,0,4095,0,1,-
reg20,PMC0,1,0,11,0,0,4095,0,1,-
reg21,PMC0,1,0,11,0,0,4095,0,1,-
reg22,PMC0,1,0,11,0,0,4095,0,1,-
reg23,PMC0,1,0,11,0,0,4095,0,1,-
reg24,PMC0,1,0,11,0,0,4095,0,1,-
reg25,PMC0,0,0,11,0,0,4095,0,1,-
reg26,PMC0,0,0,11,0,0,4095,0,1,-
reg27,PMC0,0,0,11,0,0,4095,0,1,-
reg28,PMC0,0,0,11,0,0,4095,0,1,-
reg29,PMC0,0,0,11,0,0,4095,0,1,-
reg2A,PMC0,0,0,11,0,0,4095,0,1,-
reg2B,PMC0,0,0,11,0,0,4095,0,1,-
reg2C,PMC0,0,0,11,0,0,4095,0,1,-
reg2D,PMC0,0,0,11,0,0,4095,0,1,-
reg2E,PMC0,0,0,11,0,0,4095,0,1,-
reg2F,PMC0,0,0,11,0,0,4095,0,1,-
reg30,PMC0,0,0,11,0,0,4095,0,1,-
reg31,PMC0,0,0,11,0,0,4095,0,1,-
reg32,PMC0,0,0,11,0,0,4095,0,1,-
reg33,PMC0,0,0,11,0,0,4095,0,1,-
reg34,PMC0,0,0,11,0,0,4095,0,1,-
reg35,PMC0,0,0,11,0,0,4095,0,1,-
reg36,PMC0,0,0,11,0,0,4095,0,1,-
reg37,PMC0,0,0,11,0,0,4095,0,1,-
reg38,PMC0,0,0,11,0,0,4095,0,1,-
reg39,PMC0,0,0,11,0,0,4095,0,1,-
reg3A,PMC0,0,0,11,0,0,4095,0,1,-
reg3B,PMC0,0,0,11,0,0,4095,0,1,-
reg3C,PMC0,0,0,11,0,0,4095,0,1,-
reg3D,PMC0,0,0,11,0,0,4095,0,1,-
reg3D,PMC0,0,12,15,0,0,15,0,1,-
reg3E,PMC0,1,0,7,1,-28,28,0,1,-
reg3E,PMC0,1,8,15,1,-28,28,0,1,-
reg3F,PMC0,1,0,7,1,-28,28,0,1,-
reg40,PMC0,1,0,6,0,0,127,0,1,-
reg40,PMC0,1,8,13,0,0,127,0,1,-
reg41,PMC0,1,0,6,0,0,127,0,1,-
reg41,PMC0,1,8,13,0,0,127,0,1,-
reg42,PMC0,1,0,6,0,0,127,0,1,-
reg42,PMC0,1,8,13,0,0,127,0,1,-
reg43,PMC0,1,0,6,0,0,127,0,1,-
reg43,PMC0,1,8,13,0,0,127,0,1,-
reg44,PMC0,1,0,6,0,0,127,0,1,-
reg44,PMC0,1,8,13,0,0,127,0,1,-
reg45,PMC0,1,0,6,0,0,127,0,1,-
reg45,PMC0,1,8,13,0,0,127,0,1,-
reg46,PMC0,1,0,6,0,0,127,0,1,-
reg46,PMC0,1,8,13,0,0,127,0,1,-
reg47,PMC0,1,0,6,0,0,127,0,1,-
reg47,PMC0,1,8,13,0,0,127,0,1,-
reg48,PMC0,1,0,6,0,0,127,0,1,-
reg48,PMC0,1,8,13,0,0,127,0,1,-
reg49,PMC0,1,0,6,0,0,127,0,1,-
reg49,PMC0,1,8,13,0,0,127,0,1,-
reg4A,PMC0,1,0,6,0,0,127,0,1,-
reg4A,PMC0,1,8,13,0,0,127,0,1,-
reg4B,PMC0,1,0,6,0,0,127,0,1,-
reg4B,PMC0,1,8,13,0,0,127,0,1,-
reg4C,PMC0,1,0,15,0,0,65535,0,1,-
reg4D,PMC0,1,0,15,0,0,65535,0,1,-
reg4E,PMC0,1,0,15,0,0,65535,0,1,-
reg4F,PMC0,1,0,15,0,0,65535,0,1,-
reg50,PMC0,1,0,15,0,0,65535,0,1,-
reg51,PMC0,1,0,15,0,0,65535,0,1,-
reg52,PMC0,1,0,15,0,0,65535,0,1,-
reg53,PMC0,1,0,15,0,0,65535,0,1,-
reg54,PMC0,1,0,15,0,0,65535,0,1,-
reg55,PMC0,1,0,15,0,0,65535,0,1,-
reg56,PMC0,1,0,15,0,0,65535,0,1,-
reg57,PMC0,1,0,15,0,0,65535,0,1,-
reg58,PMC0,1,0,15,0,0,65535,0,1,-
reg59,PMC0,1,0,15,0,0,65535,0,1,-
reg5A,PMC0,1,0,15,0,0,65535,0,1,-
reg5B,PMC0,1,0,15,0,0,65535,0,1,-
reg5C,PMC0,1,0,15,0,0,65535,0,1,-
reg5D,PMC0,1,0,15,0,0,65535,0,1,-
reg5E,PMC0,1,0,15,0,0,65535,0,1,-
reg5F,PMC0,1,0,15,0,0,65535,0,1,-
reg60,PMC0,1,0,15,0,0,65535,0,1,-
reg61,PMC0,1,0,15,0,0,65535,0,1,-
reg62,PMC0,1,0,15,0,0,65535,0,1,-
reg63,PMC0,1,0,15,0,0,65535,0,1,-
reg64,PMC0,0,0,15,1,-32768,32767,0,1,-
reg65,PMC0,0,0,15,1,-32768,32767,0,1,-
reg66,PMC0,0,0,15,1,-32768,32767,0,1,-
reg67,PMC0,0,0,15,1,-32768,32767,0,1,-
reg68,PMC0,0,0,15,1,-32768,32767,0,1,-
reg69,PMC0,0,0,15,1,-32768,32767,0,1,-
reg6A,PMC0,0,0,15,1,-32768,32767,0,1,-
reg6B,PMC0,0,0,15,1,-32768,32767,0,1,-
reg6C,PMC0,0,0,15,1,-32768,32767,0,1,-
reg6D,PMC0,0,0,15,1,-32768,32767,0,1,-
reg6E,PMC0,0,0,15,1,-32768,32767,0,1,-
reg6F,PMC0,0,0,15,1,-32768,32767,0,1,-
reg70,PMC0,0,0,15,1,-32768,32767,0,1,-
reg71,PMC0,0,0,15,1,-32768,32767,0,1,-
reg72,PMC0,0,0,15,1,-32768,32767,0,1,-
reg73,PMC0,0,0,15,1,-32768,32767,0,1,-
reg74,PMC0,0,0,15,1,-32768,32767,0,1,-
reg75,PMC0,0,0,15,1,-32768,32767,0,1,-
reg76,PMC0,0,0,15,1,-32768,32767,0,1,-
reg77,PMC0,0,0,15,1,-32768,32767,0,1,-
reg78,PMC0,0,0,15,1,-32768,32767,0,1,-
reg79,PMC0,0,0,15,1,-32768,32767,0,1,-
reg7A,PMC0,0,0,15,1,-32768,32767,0,1,-
reg7B,PMC0,0,0,15,1,-32768,32767,0,1,-
reg7C,PMC0,0,0,11,0,0,4095,0,1,-
reg7D,PMC0,0,0,11,0,0,4095,0,1,-
reg7E,PMC0,0,0,11,0,0,3563,0,1,-
reg7F,PMC0,1,0,9,0,0,1,1,1,-
reg7F,PMC0,0,10,10,0,0,1,0,1,-
reg7F,PMC0,0,11,14,0,0,1,1,1,-
reg80,PMC0,0,0,15,0,300,30000,0,1,-
reg81,PMC0,0,0,15,1,-500,500,0,1,-
reg82,PMC0,0,0,15,1,-500,500,0,1,-
reg83,PMC0,0,0,15,0,0,20000,0,1,-
reg84,PMC0,0,0,15,0,300,30000,0,1,-
reg85,PMC0,0,0,15,1,-500,500,0,1,-
reg86,PMC0,0,0,15,1,-500,500,0,1,-
reg87,PMC0,0,0,15,0,0,20000,0,1,-
reg88,PMC0,0,0,15,0,300,30000,0,1,-
reg89,PMC0,0,0,15,1,-500,500,0,1,-
reg8A,PMC0,0,0,15,1,-500,500,0,1,-
reg8B,PMC0,0,0,15,0,0,20000,0,1,-
reg8C,PMC0,0,0,15,0,300,30000,0,1,-
reg8D,PMC0,0,0,15,1,-500,500,0,1,-
reg8E,PMC0,0,0,15,1,-500,500,0,1,-
reg8F,PMC0,0,0,15,0,0,20000,0,1,-
reg90,PMC0,0,0,15,0,300,30000,0,1,-
reg91,PMC0,0,0,15,1,-500,500,0,1,-
reg92,PMC0,0,0,15,1,-500,500,0,1,-
reg93,PMC0,0,0,15,0,0,20000,0,1,-
reg94,PMC0,0,0,15,0,300,30000,0,1,-
reg95,PMC0,0,0,15,1,-500,500,0,1,-
reg96,PMC0,0,0,15,1,-500,500,0,1,-
reg97,PMC0,0,0,15,0,0,20000,0,1,-
reg98,PMC0,0,0,15,0,300,30000,0,1,-
reg99,PMC0,0,0,15,1,-500,500,0,1,-
reg9A,PMC0,0,0,15,1,-500,500,0,1,-
reg9B,PMC0,0,0,15,0,0,20000,0,1,-
reg9C,PMC0,0,0,15,0,300,30000,0,1,-
reg9D,PMC0,0,0,15,1,-500,500,0,1,-
reg9E,PMC0,0,0,15,1,-500,500,0,1,-
reg9F,PMC0,0,0,15,0,0,20000,0,1,-
regA0,PMC0,0,0,15,0,300,30000,0,1,-
regA1,PMC0,0,0,15,1,-500,500,0,1,-
regA2,PMC0,0,0,15,1,-500,500,0,1,-
regA3,PMC0,0,0,15,0,0,20000,0,1,-
regA4,PMC0,0,0,15,0,300,30000,0,1,-
regA5,PMC0,0,0,15,1,-500,500,0,1,-
regA6,PMC0,0,0,15,1,-500,500,0,1,-
regA7,PMC0,0,0,15,0,0,20000,0,1,-
regA8,PMC0,0,0,15,0,300,30000,0,1,-
regA9,PMC0,0,0,15,1,-500,500,0,1,-
regAA,PMC0,0,0,15,1,-500,500,0,1,-
regAB,PMC0,0,0,15,0,0,20000,0,1,-
regAC,PMC0,0,0,15,0,300,30000,0,1,-
regAD,PMC0,0,0,15,1,-500,500,0,1,-
regAE,PMC0,0,0,15,1,-500,500,0,1,-
regAF,PMC0,0,0,15,0,0,20000,0,1,-
regB0,PMC0,0,0,15,0,0,4000,0,1,-
regB1,PMC0,0,0,15,0,0,4000,0,1,-
regB2,PMC0,0,0,15,0,0,4000,0,1,-
regB3,PMC0,0,0,15,0,0,4000,0,1,-
regB4,PMC0,0,0,15,0,0,4000,0,1,-
regB5,PMC0,0,0,15,0,0,4000,0,1,-
regB6,PMC0,0,0,15,0,0,4000,0,1,-
regB7,PMC0,0,0,15,0,0,4000,0,1,-
regB8,PMC0,0,0,15,0,0,4000,0,1,-
regB9,PMC0,0,0,15,0,0,4000,0,1,-
regBA,PMC0,0,0,15,0,0,4000,0,1,-
regBB,PMC0,0,0,15,0,0,4000,0,1,-
regBC,PMC0,1,0,15,1,100,700,0,1,-
regBD,PMC0,1,0,15,0,0,65535,0,1,-
regBE,PMC0,0,0,1,0,0,3,0,1,-
regC0,PMC0,1,0,31,0,0,4294967295,0,1,-
regC1,PMC0,1,0,31,0,0,4294967295,0,1,-
regC2,PMC0,1,0,31,0,0,4294967295,0,1,-
regC3,PMC0,1,0,31,0,0,4294967295,0,1,-
regC4,PMC0,1,0,31,0,0,4294967295,0,1,-
regC5,PMC0,1,0,31,0,0,4294967295,0,1,-
regC6,PMC0,1,0,31,0,0,4294967295,0,1,-
regC7,PMC0,1,0,31,0,0,4294967295,0,1,-
regC8,PMC0,1,0,31,0,0,4294967295,0,1,-
regC9,PMC0,1,0,31,0,0,4294967295,0,1,-
regCA,PMC0,1,0,31,0,0,4294967295,0,1,-
regCB,PMC0,1,0,31,0,0,4294967295,0,1,-
regCC,PMC0,1,0,31,0,0,4294967295,0,1,-
regCD,PMC0,1,0,31,0,0,4294967295,0,1,-
regCE,PMC0,1,0,31,0,0,4294967295,0,1,-
regCF,PMC0,1,0,31,0,0,4294967295,0,1,-
regD0,PMC0,1,0,31,0,0,4294967295,0,1,-
regD1,PMC0,1,0,31,0,0,4294967295,0,1,-
regD2,PMC0,1,0,31,0,0,4294967295,0,1,-
regD3,PMC0,1,0,31,0,0,4294967295,0,1,-
regD4,PMC0,1,0,31,0,0,4294967295,0,1,-
regD5,PMC0,1,0,31,0,0,4294967295,0,1,-
regD6,PMC0,1,0,31,0,0,4294967295,0,1,-
regD7,PMC0,1,0,31,0,0,4294967295,0,1,-
regD8,PMC0,0,0,3,0,0,2,0,1,-
regD8,PMC0,0,4,7,0,0,2,0,1,-
regD8,PMC0,0,8,13,0,0,1,1,1,-
regD8,PMC0,0,16,19,0,0,2,0,1,-
regD8,PMC0,0,20,22,0,0,1,1,1,-
regD9,PMC0,0,0,31,0,0,4294967295,0,1,-
regDA,PMC0,0,0,3,0,0,15,0,1,-
regDA,PMC0,0,4,7,0,0,15,0,1,-
regDA,PMC0,0,8,11,0,0,15,0,1,-
regDA,PMC0,0,12,15,0,0,15,0,1,-
regDA,PMC0,0,16,19,0,0,15,0,1,-
regDA,PMC0,0,20,23,0,0,15,0,1,-
regDA,PMC0,0,24,27,0,0,15,0,1,-
regDA,PMC0,0,28,31,0,0,15,0,1,-
regDB,PMC0,0,0,31,0,0,4294967295,0,1,-
regDC,PMC0,0,0,31,0,0,4294967295,0,1,-
regDD,PMC0,0,0,31,0,0,4294967295,0,1,-
regDE,PMC0,0,0,31,0,0,4294967295,0,1,-
regDF,PMC0,0,0,15,0,0,65535,0,1,-
regDF,PMC0,0,16,31,0,0,65535,0,1,-
regE0,PMC0,0,0,11,0,0,3563,0,1,-
regE0,PMC0,0,16,27,0,0,3563,0,1,-
regE1,PMC0,0,0,15,0,0,65535,0,1,-
regE1,PMC0,0,16,31,0,0,65535,0,1,-
regE2,PMC0,0,0,15,0,0,65535,0,1,-
regE2,PMC0,0,16,31,0,0,65535,0,1,-
regE3,PMC0,0,0,11,0,0,3563,0,1,-
regE3,PMC0,0,16,27,0,0,3563,0,1,-
regE4,PMC0,0,0,31,0,0,4294967295,0,1,-
regE8,PMC0,1,0,9,0,0,1,1,1,-
regE8,PMC0,1,16,19,0,0,2,0,1,-
regE8,PMC0,1,20,23,0,0,2,0,1,-
regE8,PMC0,1,24,27,0,0,15,0,1,-
regE8,PMC0,1,28,31,0,0,2,0,1,-
regE9,PMC0,0,0,31,0,0,4294967295,0,1,-
regEA,PMC0,0,0,12,0,0,3563,0,1,-
regEB,PMC0,0,0,15,0,0,65535,0,1,-
regEB,PMC0,0,16,31,0,0,65535,0,1,-
regEC,PMC0,0,0,31,0,0,4294967295,0,1,-
regED,PMC0,0,0,31,0,0,4294967295,0,1,-
regEE,PMC0,0,0,31,0,0,4294967295,0,1,-
regEF,PMC0,0,0,15,0,0,65535,0,1,-
regF5,PMC0,0,0,16,0,0,96512,0,1,-
regF6,PMC0,0,0,31,0,0,4294967295,0,1,-
regF7,PMC0,1,0,31,0,0,4294967295,0,1,-
regF8,PMC0,0,0,31,0,0,4294967295,0,1,-
regF9,PMC0,0,0,31,0,0,4294967295,0,1,-
regFA,PMC0,0,0,31,0,0,4294967295,0,1,-
regFB,PMC0,0,0,31,0,0,4294967295,0,1,-
regFC,PMC0,1,0,15,0,0,65535,0,1,-
regFD,PMC0,1,0,15,0,0,65535,0,1,-
regFE,PMC0,1,0,15,0,0,65535,0,1,-
regFF,PMC0,1,0,31,0,0,4294967295,0,1,-